date,open,high,low,volume,close
2018-01-02,31.45,32.99,31.45,68.34335,32.56
2018-01-03,32.5,33.78,32.23,64.68702,32.33
2018-01-04,32.76,33.53,32.1,52.90858,33.12
2018-01-05,32.98,35.88,32.8,84.310196,34.76
2018-01-08,35.11,36.96,35.11,83.078359,35.99
2018-01-09,35.63,36.11,34.95,47.845909,35.84
2018-01-10,35.6,36.7,35.5,45.369591,35.67
2018-01-11,35.55,35.78,34.54,40.248381,35.15
2018-01-12,35.1,36.62,35.09,53.701333,35.55
2018-01-15,35.84,38.0,35.61,75.718609,37.09
2018-01-16,36.5,40.7,36.4,97.846478,40.2
2018-01-17,39.48,40.6,38.3,81.219193,39.77
2018-01-18,39.6,40.64,38.9,55.88484,39.76
2018-01-19,39.85,41.09,39.25,54.875823,39.42
2018-01-22,39.0,39.84,38.51,40.652641,39.53
2018-01-23,40.0,41.51,39.99,64.86575,40.98
2018-01-24,40.7,42.24,40.46,54.262959,41.13
2018-01-25,41.12,41.12,38.8,64.806457,40.2
2018-01-26,40.0,40.66,39.12,41.006237,40.04
2018-01-29,40.38,40.56,38.09,59.786274,38.57
2018-01-30,38.0,38.0,36.27,90.823442,36.36
2018-01-31,36.61,37.76,35.62,89.814786,37.56
2018-02-01,37.5,38.04,36.9,63.542538,37.5
2018-02-02,36.5,37.9,35.8,59.679368,37.38
2018-02-05,36.8,38.06,36.31,55.263472,36.99
2018-02-06,35.93,36.1,34.88,69.983671,35.82
2018-02-07,36.43,36.58,32.5,95.212968,32.98
2018-02-08,33.0,33.88,32.49,58.080514,32.75
2018-02-09,31.5,31.96,30.2,72.49449,31.27
2018-02-12,31.43,32.32,31.31,40.765431,31.9
2018-02-13,32.28,33.79,32.28,45.466811,32.73
2018-02-14,32.87,33.32,32.17,27.01755,33.17
2018-02-22,34.0,34.05,33.33,30.237326,33.7
2018-02-23,33.9,35.1,33.33,38.45389,34.72
2018-02-26,35.07,35.1,33.11,54.065501,34.18
2018-02-27,34.2,34.28,32.65,50.659814,32.9
2018-02-28,32.51,33.23,31.84,50.000447,32.7
2018-03-01,32.17,33.09,32.02,33.606432,32.41
2018-03-02,32.0,32.73,31.51,32.283849,32.28
2018-03-05,32.49,33.15,32.07,37.335438,32.18
2018-03-06,32.35,33.71,32.01,58.100806,33.67
2018-03-07,33.44,33.92,32.8,38.799255,32.9
2018-03-08,33.4,33.74,32.85,35.102254,33.64
2018-03-09,33.87,33.91,33.34,32.510239,33.46
2018-03-12,33.54,33.68,32.35,60.620829,32.62
2018-03-13,32.59,32.84,32.37,22.092041,32.48
2018-03-14,32.44,32.95,32.2,31.5833,32.7
2018-03-15,32.5,33.1,32.41,25.221534,32.66
2018-03-16,32.58,33.35,32.5,33.757215,32.63
2018-03-19,32.57,32.58,31.52,36.696749,31.58
2018-03-20,31.4,31.59,30.75,29.011765,31.34
2018-03-21,31.47,32.15,31.31,33.172574,31.66
2018-03-22,31.8,31.88,31.04,23.578708,31.18
2018-03-23,30.02,31.07,29.21,50.512539,31.07
2018-03-26,30.76,30.79,29.9,33.828896,30.33
2018-03-27,30.89,31.87,30.71,57.885391,31.02
2018-03-28,30.51,32.15,30.3,42.672897,31.33
2018-03-29,31.54,34.46,31.03,99.970072,34.16
2018-03-30,33.7,33.99,33.17,57.269205,33.29
2018-04-02,33.65,34.47,33.32,53.163565,33.49
2018-04-03,33.2,34.1,32.52,43.194571,33.64
2018-04-04,32.3,33.95,32.1,58.450965,32.8
2018-04-09,32.7,32.76,30.96,47.81194,31.62
2018-04-10,31.52,32.18,31.06,47.714543,32.18
2018-04-11,32.15,33.24,31.73,48.593043,32.61
2018-04-12,32.57,32.86,31.75,33.521999,31.85
2018-04-13,32.16,32.24,31.03,35.157261,31.25
2018-04-16,31.2,31.23,29.56,52.806865,30.03
2018-04-17,30.16,30.55,29.6,25.819772,29.92
2018-04-18,30.29,30.69,29.74,32.883533,30.04
2018-04-19,30.33,30.53,30.03,25.627525,30.23
2018-04-20,30.18,30.5,29.92,25.479546,30.15
2018-04-23,29.88,30.29,29.79,20.171425,29.91
2018-04-24,29.85,31.1,29.8,46.983212,30.93
2018-04-25,30.65,30.65,29.96,39.768418,30.12
2018-04-26,30.3,30.3,28.26,81.226255,28.5
2018-04-27,28.66,28.75,27.42,38.195829,28.4
2018-05-02,28.4,28.66,27.63,39.717081,27.68
2018-05-03,27.65,27.66,26.56,54.241986,27.33
2018-05-04,27.26,27.56,26.81,42.53836,26.91
2018-05-07,27.01,27.51,26.72,40.845367,27.38
2018-05-08,27.4,28.86,27.33,65.581753,28.69
2018-05-09,28.5,28.5,28.0,40.903079,28.2
2018-05-10,28.32,28.53,27.7,42.963957,28.07
2018-05-11,28.1,28.19,27.73,31.830373,27.94
2018-05-14,28.08,28.29,27.87,35.083854,27.94
2018-05-15,28.11,28.15,27.34,40.506926,27.75
2018-05-16,27.55,27.75,27.21,37.323806,27.23
2018-05-17,27.19,27.22,26.77,44.562387,26.79
2018-05-18,26.7,27.15,26.53,40.722227,27.15
2018-05-21,27.23,27.31,26.81,43.244676,27.07
2018-05-22,27.05,27.05,26.58,41.546903,26.72
2018-05-23,26.72,27.17,26.56,43.317062,26.8
2018-05-24,26.8,26.85,26.52,24.161093,26.65
2018-05-25,26.68,26.91,26.32,27.000546,26.39
2018-05-28,26.39,26.82,26.3,25.459499,26.5
2018-05-29,26.3,26.37,25.34,55.605235,25.6
2018-05-30,25.21,25.21,24.58,54.016882,24.64
2018-05-31,24.77,25.68,24.56,70.589325,25.59
2018-06-01,25.39,26.46,25.3,52.077082,26.0
2018-06-04,26.3,27.38,26.28,78.919077,27.3
2018-06-05,27.29,27.77,26.84,60.684137,27.49
2018-06-06,27.3,27.54,26.85,50.816253,26.99
2018-06-07,27.07,27.64,26.95,59.753575,27.39
2018-06-08,27.1,27.18,26.55,38.854508,26.71
2018-06-11,26.74,27.73,26.68,52.643679,27.31
2018-06-12,27.57,27.83,27.23,49.837248,27.71
2018-06-13,27.41,28.25,27.31,60.284357,27.64
2018-06-14,27.48,27.76,27.12,35.760445,27.37
2018-06-15,27.37,28.3,27.33,69.819518,27.99
2018-06-19,27.85,27.85,26.91,60.044211,27.1
2018-06-20,26.99,27.29,26.41,39.340042,26.96
2018-06-21,26.97,28.5,26.82,77.793209,27.73
2018-06-22,27.5,28.2,27.44,44.43666,28.1
2018-06-25,28.25,28.38,26.41,61.581176,26.49
2018-06-26,25.82,26.06,24.83,59.180932,25.54
2018-06-27,25.5,25.51,23.81,67.234728,24.22
2018-06-28,23.86,24.57,23.5,46.251282,23.88
2018-06-29,24.1,24.6,23.89,35.288491,24.6
2018-07-02,24.5,24.55,22.52,84.620386,22.8
2018-07-03,23.1,23.48,22.8,54.996488,23.42
2018-07-04,23.46,23.75,23.0,24.988103,23.0
2018-07-05,23.02,23.41,22.85,26.727861,23.05
2018-07-06,23.34,23.6,22.65,34.693001,23.21
2018-07-09,23.37,24.05,23.37,40.46266,24.01
2018-07-10,24.2,24.49,23.77,38.925948,24.15
2018-07-11,23.48,23.63,23.17,28.605297,23.46
2018-07-12,23.58,24.22,23.47,38.42284,23.85
2018-07-13,24.24,24.35,23.64,40.755534,23.72
2018-07-16,23.59,23.66,22.81,43.069406,23.15
2018-07-17,23.05,23.28,22.65,31.38693,22.98
2018-07-18,23.02,23.05,22.42,41.064188,22.47
2018-07-19,22.7,22.96,22.5,50.694938,22.68
2018-07-20,22.64,23.49,22.02,61.019534,23.14
2018-07-23,22.96,23.9,22.9,55.570613,23.75
2018-07-24,24.04,25.09,24.04,83.281422,24.38
2018-07-25,24.38,24.58,24.0,35.518297,24.18
2018-07-26,24.34,24.51,23.57,38.51348,23.71
2018-07-27,23.55,23.81,23.24,32.282763,23.32
2018-07-30,23.54,23.7,22.82,35.706658,23.18
2018-07-31,23.29,23.49,23.06,35.457815,23.32
2018-08-01,23.24,23.24,22.21,67.386601,22.35
2018-08-02,22.34,22.34,21.07,67.777775,21.38
2018-08-03,21.39,21.54,21.05,34.60723,21.08
2018-08-06,21.18,21.32,20.52,31.570205,20.86
2018-08-07,21.15,21.86,20.93,45.165309,21.86
2018-08-08,21.89,22.29,21.5,41.072018,21.5
2018-08-09,21.5,22.55,21.4,89.620017,22.48
2018-08-10,23.0,24.07,22.93,120.116303,23.18
2018-08-13,22.6,23.21,22.46,48.949476,23.04
2018-08-14,23.0,23.05,22.05,48.678481,22.32
2018-08-15,22.39,22.58,22.22,47.25535,22.3
2018-08-16,21.63,23.08,21.61,49.038444,22.72
2018-08-17,22.9,23.2,22.64,42.416044,22.69
2018-08-20,22.93,23.44,22.59,47.613314,23.35
2018-08-21,23.39,23.98,23.22,49.584624,23.91
2018-08-22,23.91,24.08,23.67,42.183383,23.92
2018-08-23,23.0,23.15,22.24,54.305867,22.82
2018-08-24,22.66,23.01,22.39,27.341765,22.78
2018-08-27,22.98,24.06,22.85,59.43411,23.91
2018-08-28,23.8,24.14,23.73,34.810115,23.88
2018-08-29,23.74,24.4,23.72,29.114333,23.91
2018-08-30,23.8,24.18,23.48,28.592367,23.5
2018-08-31,23.2,24.36,23.18,42.814512,24.05
2018-09-03,23.85,24.57,23.38,49.761243,23.55
2018-09-04,23.66,24.44,23.41,43.765447,24.43
2018-09-05,24.11,24.2,23.41,54.664437,23.41
2018-09-06,23.32,23.56,22.69,37.53689,22.81
2018-09-07,22.85,23.65,22.85,33.494333,23.21
2018-09-10,23.42,23.85,23.11,47.491779,23.46
2018-09-11,23.39,23.64,23.09,35.835875,23.34
2018-09-12,23.24,23.3,22.61,31.382154,22.88
2018-09-13,23.31,23.47,22.78,46.883796,23.1
2018-09-14,23.13,23.39,22.81,33.487079,23.32
2018-09-17,23.04,23.23,22.72,25.506169,22.83
2018-09-18,22.65,23.1,22.47,40.463405,23.0
2018-09-19,23.03,24.67,22.91,131.783701,24.17
2018-09-20,24.01,24.43,23.8,52.185272,24.01
2018-09-21,24.2,26.0,23.93,106.421638,25.8
2018-09-25,24.8,25.12,24.4,90.883854,24.64
2018-09-26,24.66,25.33,23.89,84.588437,24.67
2018-09-27,24.63,24.78,24.3,44.529433,24.45
2018-09-28,24.5,24.9,23.95,68.323625,24.3
2018-10-08,22.95,23.2,21.98,103.791488,22.05
2018-10-09,22.05,22.12,21.26,62.863352,21.82
2018-10-10,21.77,22.03,21.4,43.779776,21.75
2018-10-11,21.0,21.5,20.81,70.955301,20.93
2018-10-12,21.14,21.95,21.05,53.138296,21.8
2018-10-15,21.78,21.78,21.15,44.551574,21.47
2018-10-16,21.6,22.06,20.86,39.755312,21.01
2018-10-17,21.35,21.46,20.88,30.750786,21.22
2018-10-18,21.1,21.22,20.51,57.795929,20.59
2018-10-19,20.61,21.99,20.4,75.980975,21.56
2018-10-22,21.88,23.26,21.73,100.828994,22.82
2018-10-23,22.88,22.92,22.05,50.97327,22.14
2018-10-24,22.23,23.12,22.1,51.346091,22.58
2018-10-25,22.18,23.5,22.0,93.26995,23.49
2018-10-26,23.71,24.75,23.46,72.97566,23.81
2018-10-29,24.28,24.33,22.53,61.887662,22.8
2018-10-30,23.31,23.88,22.65,60.292035,23.69
2018-10-31,23.68,24.6,23.3,56.564885,24.23
2018-11-01,24.9,25.27,24.28,61.784725,24.42
2018-11-02,25.2,25.25,24.0,65.233922,24.62
2018-11-05,24.48,24.48,23.7,58.369556,24.04
2018-11-06,24.03,24.4,23.71,42.082393,24.14
2018-11-07,24.18,24.5,23.71,44.145818,23.85
2018-11-08,24.15,24.59,23.92,54.820071,23.99
2018-11-09,23.89,24.33,23.53,36.928345,23.55
2018-11-12,23.41,23.96,23.4,38.674223,23.88
2018-11-13,23.48,24.03,23.44,45.342404,23.94
2018-11-14,24.18,24.49,23.96,61.888272,24.15
2018-11-15,24.05,24.4,23.96,25.862358,24.38
2018-11-16,24.29,25.1,24.02,49.598586,24.78
2018-11-19,24.7,25.97,24.68,59.056604,25.97
2018-11-20,25.78,26.43,25.23,47.41518,25.65
2018-11-21,25.38,26.68,25.35,58.165421,26.03
2018-11-22,25.99,25.99,25.28,30.082741,25.63
2018-11-23,25.65,25.65,24.68,29.662937,24.9
2018-11-26,25.03,25.47,24.74,24.109053,25.19
2018-11-27,25.2,25.29,24.78,19.249225,24.95
2018-11-28,25.0,25.88,24.99,38.616531,25.88
2018-11-29,25.95,26.48,25.0,39.364332,25.29
2018-11-30,25.27,25.53,25.03,19.275406,25.44
2018-12-03,26.0,26.06,24.81,60.814944,25.73
2018-12-04,25.56,25.56,24.86,50.994597,25.13
2018-12-05,24.81,25.69,24.76,40.717606,25.3
2018-12-06,24.91,25.47,24.9,24.302282,25.1
2018-12-07,25.12,25.85,25.12,27.527878,25.34
2018-12-10,25.12,25.59,24.9,27.463688,25.0
2018-12-11,24.95,25.98,24.91,43.370349,25.97
2018-12-12,26.31,26.8,26.14,48.475993,26.35
2018-12-13,26.69,27.47,26.4,64.446335,27.1
2018-12-14,26.78,27.11,26.31,31.14726,26.46
2018-12-17,26.51,26.75,25.94,32.153238,26.52
2018-12-18,26.23,26.39,25.34,41.367428,25.5
2018-12-19,25.71,26.09,25.15,29.066349,25.38
2018-12-20,25.45,25.8,24.91,41.22498,25.3
2018-12-21,25.17,25.18,23.7,60.791923,24.25
2018-12-24,23.92,24.08,23.33,49.321942,23.88
2018-12-25,23.42,24.22,23.38,42.690126,23.97
2018-12-26,23.84,23.98,23.58,22.198726,23.8
2018-12-27,24.25,24.56,23.44,35.250178,23.44
2019-01-02,23.83,24.09,23.67,24.701028,23.9
2019-01-03,23.79,24.5,23.71,22.235359,24.07
2019-01-04,23.91,25.0,23.85,37.772721,24.93
2019-01-07,25.29,25.53,24.99,42.715485,25.05
2019-01-08,25.05,25.2,24.63,21.438202,25.0
2019-01-09,25.4,25.88,25.11,34.014062,25.33
2019-01-10,25.22,25.56,25.03,22.46492,25.11
2019-01-11,25.1,25.54,25.01,24.06949,25.3
2019-01-14,25.13,25.3,24.92,18.328134,25.02
2019-01-15,25.0,25.16,24.32,36.875885,25.16
2019-01-16,25.15,25.5,24.83,26.746606,25.42
2019-01-17,25.5,25.5,24.94,24.589586,24.97
2019-01-18,25.0,25.76,24.99,36.572328,25.76
2019-01-21,25.71,25.95,25.4,25.549985,25.65
2019-01-22,25.5,26.17,25.23,37.93368,25.4
2019-01-23,25.35,25.49,25.2,14.684703,25.31
2019-01-24,25.42,25.54,24.93,23.493105,25.41
2019-01-25,25.51,26.35,25.49,45.175617,26.1
2019-01-28,26.2,26.62,25.86,30.890656,26.06
2019-01-29,25.91,26.88,25.87,36.807163,26.88
2019-01-30,26.7,27.82,26.63,59.230318,27.21
2019-01-31,27.39,28.15,27.0,41.18576,27.75
2019-02-01,28.15,28.22,26.98,51.854317,27.68
