date,open,high,low,volume,close
2018-01-02,7.06,7.11,7.04,6.727297,7.1
2018-01-03,7.11,7.16,7.09,8.7801,7.16
2018-01-04,7.17,7.22,7.11,10.754141,7.21
2018-01-05,7.2,7.22,7.17,5.071017,7.19
2018-01-08,7.16,7.2,7.12,4.39973,7.19
2018-01-09,7.18,7.18,7.13,4.042655,7.14
2018-01-10,7.15,7.17,7.06,5.936581,7.12
2018-01-11,7.12,7.14,7.08,3.609412,7.13
2018-01-12,7.13,7.16,7.12,3.8236,7.16
2018-01-15,7.15,7.16,7.06,4.317308,7.09
2018-01-16,7.09,7.12,7.05,3.416868,7.11
2018-01-17,7.11,7.13,7.06,4.589923,7.12
2018-01-18,7.1,7.13,7.09,2.188089,7.11
2018-01-19,7.1,7.11,7.08,3.670542,7.09
2018-01-22,7.1,7.15,7.06,4.167404,7.15
2018-01-23,7.14,7.2,7.14,7.015604,7.17
2018-01-24,7.17,7.23,7.14,8.637275,7.21
2018-01-25,7.24,7.27,7.2,7.679975,7.23
2018-01-26,7.2,7.35,7.17,10.072001,7.34
2018-01-29,7.35,7.41,7.27,9.5474,7.31
2018-01-30,7.27,7.29,7.18,4.9428,7.18
2018-01-31,7.15,7.17,7.05,5.197463,7.06
2018-02-01,7.06,7.09,6.49,12.223286,6.5
2018-02-02,6.53,6.73,6.52,4.604934,6.63
2018-02-05,6.62,6.62,6.52,2.857861,6.61
2018-02-06,6.51,6.56,6.18,7.866461,6.19
2018-02-07,6.33,6.35,6.07,4.718859,6.18
2018-02-08,6.18,6.29,6.15,2.580439,6.22
2018-02-09,6.13,6.16,5.85,5.953839,5.96
2018-02-12,5.96,6.07,5.96,2.3298,6.04
2018-02-13,6.08,6.16,6.05,3.974859,6.15
2018-02-14,6.15,6.17,6.12,1.588944,6.16
2018-02-22,6.16,6.22,6.16,2.517505,6.2
2018-02-23,6.2,6.2,6.12,3.4258,6.16
2018-02-26,6.25,6.42,6.25,8.593979,6.41
2018-02-27,6.39,6.39,6.3,6.1825,6.31
2018-02-28,6.26,6.31,6.22,2.77662,6.27
2018-03-01,6.24,6.3,6.22,6.033223,6.27
2018-03-02,6.24,6.26,6.22,3.27895,6.23
2018-03-05,6.22,6.28,6.21,2.609701,6.25
2018-03-06,6.26,6.31,6.22,3.503383,6.31
2018-03-07,6.29,6.41,6.28,6.991672,6.34
2018-03-08,6.31,6.44,6.3,5.080273,6.4
2018-03-09,6.4,6.43,6.34,3.805023,6.41
2018-03-12,6.41,6.44,6.4,3.626016,6.42
2018-03-13,6.42,6.42,6.37,3.611512,6.39
2018-03-14,6.38,6.39,6.33,2.968036,6.34
2018-03-15,6.33,6.55,6.3,5.828931,6.4
2018-03-16,6.37,6.43,6.32,3.832071,6.34
2018-03-19,6.36,6.4,6.31,2.792,6.33
2018-03-20,6.32,6.39,6.3,3.317789,6.36
2018-03-21,6.36,6.4,6.33,3.783792,6.33
2018-03-22,6.33,6.36,6.29,3.3453,6.33
2018-03-23,6.25,6.25,6.0,6.995932,6.07
2018-03-26,5.99,6.12,5.94,4.033524,6.09
2018-03-27,6.14,6.27,6.14,4.66583,6.23
2018-03-28,6.19,6.23,6.15,3.674379,6.18
2018-03-29,6.22,6.24,6.18,3.361301,6.2
2018-03-30,6.21,6.24,6.19,2.36884,6.2
2018-04-02,6.18,6.23,6.17,3.852408,6.2
2018-04-03,6.18,6.18,6.11,3.754713,6.14
2018-04-04,6.14,6.17,6.07,2.9168,6.09
2018-04-09,6.1,6.14,6.05,2.821529,6.11
2018-04-10,6.11,6.15,6.08,2.767724,6.14
2018-04-11,6.14,6.19,6.14,2.785476,6.15
2018-04-12,6.16,6.17,6.09,2.320331,6.1
2018-04-13,6.12,6.15,6.08,2.046508,6.09
2018-04-16,6.08,6.12,6.03,2.913273,6.07
2018-04-17,6.07,6.1,6.02,2.4579,6.03
2018-04-18,6.04,6.08,6.01,3.242771,6.05
2018-04-19,6.05,6.09,6.03,2.656116,6.07
2018-04-20,6.06,6.07,5.97,3.348457,5.99
2018-04-23,6.04,6.04,5.95,1.723445,5.98
2018-04-24,5.98,6.07,5.98,2.62935,6.06
2018-04-25,6.05,6.05,6.02,1.757009,6.04
2018-04-26,6.02,6.06,5.98,3.3393,5.99
2018-04-27,5.97,6.03,5.97,2.0615,5.99
2018-05-02,5.99,6.08,5.98,2.992439,6.06
2018-05-03,6.06,6.31,6.06,8.370321,6.31
2018-05-04,6.31,6.75,6.26,26.16326,6.64
2018-05-07,6.68,6.75,6.52,10.769203,6.67
2018-05-08,6.6,6.65,6.56,5.669999,6.63
2018-05-09,6.58,6.65,6.58,4.0221,6.61
2018-05-10,6.57,6.91,6.57,14.767062,6.82
2018-05-11,6.8,6.8,6.69,6.201371,6.73
2018-05-14,6.7,6.93,6.7,8.226729,6.82
2018-05-15,6.81,6.89,6.75,3.926939,6.85
2018-05-16,6.84,6.85,6.75,3.485629,6.79
2018-05-17,6.78,6.98,6.73,11.912741,6.92
2018-05-18,6.92,7.03,6.87,5.859021,7.0
2018-05-21,7.0,7.13,6.98,6.484084,7.02
2018-05-22,7.01,7.01,6.95,2.593451,6.98
2018-05-23,6.97,7.19,6.95,11.92667,7.18
2018-05-24,7.15,7.18,7.08,3.311227,7.15
2018-05-25,7.12,7.23,7.1,6.135155,7.18
2018-05-28,7.18,7.19,7.0,5.732252,7.01
2018-05-29,6.96,6.97,6.83,5.64626,6.92
2018-05-30,6.87,6.92,6.75,5.038831,6.8
2018-05-31,6.81,6.92,6.79,3.088481,6.82
2018-06-01,6.8,6.85,6.75,3.469555,6.77
2018-06-04,6.78,6.92,6.78,4.116811,6.86
2018-06-05,6.87,6.93,6.84,2.599538,6.93
2018-06-06,6.93,6.96,6.85,2.3137,6.92
2018-06-07,6.95,6.96,6.87,2.562446,6.9
2018-06-08,6.89,6.92,6.8,3.468546,6.82
2018-06-11,6.81,6.82,6.7,2.8784,6.72
2018-06-12,6.73,6.91,6.73,3.839278,6.87
2018-06-13,6.87,7.02,6.87,5.087226,7.01
2018-06-14,7.01,7.08,6.97,4.198703,6.99
2018-06-15,6.99,7.06,6.93,4.2467,7.06
2018-06-19,7.01,7.01,6.55,7.090862,6.73
2018-06-20,6.73,6.86,6.69,2.77686,6.79
2018-06-21,6.77,6.82,6.51,4.081617,6.57
2018-06-22,6.56,6.56,6.42,4.88275,6.45
2018-06-25,6.46,6.53,6.32,3.01659,6.38
2018-06-26,6.28,6.36,6.21,2.582713,6.33
2018-06-27,6.34,6.42,6.27,3.02602,6.4
2018-06-28,6.36,6.44,6.34,1.521712,6.34
2018-06-29,6.31,6.46,6.31,1.924094,6.45
2018-07-02,6.48,6.48,6.35,1.815158,6.39
2018-07-03,6.39,6.44,6.31,1.8566,6.41
2018-07-04,6.36,6.37,6.2,1.482596,6.23
2018-07-05,6.23,6.31,6.08,1.834926,6.08
2018-07-06,6.07,6.18,6.04,1.469377,6.1
2018-07-09,6.1,6.21,6.1,0.851488,6.19
2018-07-10,6.21,6.24,6.18,0.780827,6.24
2018-07-11,6.2,6.2,6.06,1.558188,6.11
2018-07-12,6.08,6.25,6.08,1.491255,6.24
2018-07-13,6.24,6.27,6.19,1.3483,6.27
2018-07-16,6.26,6.26,6.17,1.503238,6.22
2018-07-17,6.22,6.23,6.15,1.145258,6.21
2018-07-18,6.2,6.33,6.18,1.736042,6.28
2018-07-19,6.26,6.28,6.18,1.941373,6.2
2018-07-20,6.17,6.3,6.14,2.0817,6.28
2018-07-23,6.27,6.36,6.26,1.919359,6.35
2018-07-24,6.35,6.48,6.35,2.508754,6.46
2018-07-25,6.49,6.49,6.4,1.378087,6.42
2018-07-26,6.4,6.49,6.4,1.8673,6.44
2018-07-27,6.41,6.54,6.41,2.53775,6.53
2018-07-30,6.53,6.53,6.43,2.183551,6.5
2018-07-31,6.46,6.53,6.46,1.289926,6.5
2018-08-01,6.51,6.62,6.51,3.144908,6.54
2018-08-02,6.54,6.55,6.26,2.981629,6.34
2018-08-03,6.34,6.58,6.31,4.659785,6.53
2018-08-06,6.55,6.59,6.4,3.168291,6.46
2018-08-07,6.39,6.5,6.36,1.884639,6.49
2018-08-08,6.46,6.53,6.4,2.245,6.51
2018-08-09,6.51,6.57,6.4,4.081261,6.52
2018-08-10,6.52,6.54,6.42,2.051859,6.45
2018-08-13,6.41,6.46,6.28,4.597821,6.32
2018-08-14,6.32,6.37,6.26,3.391702,6.27
2018-08-15,6.28,6.33,6.16,2.836765,6.18
2018-08-16,6.13,6.17,6.06,2.1021,6.1
2018-08-17,6.13,6.25,6.06,2.1999,6.09
2018-08-20,6.09,6.14,6.03,1.755186,6.12
2018-08-21,6.11,6.17,6.1,1.6894,6.14
2018-08-22,6.15,6.21,6.06,2.1542,6.1
2018-08-23,6.02,6.11,6.01,1.876805,6.09
2018-08-24,6.07,6.1,6.04,1.1113,6.06
2018-08-27,6.06,6.14,6.06,1.746912,6.13
2018-08-28,6.14,6.15,6.1,1.133347,6.11
2018-08-29,6.1,6.14,6.1,1.056135,6.13
2018-08-30,6.13,6.15,6.06,1.184301,6.08
2018-08-31,6.1,6.15,6.04,1.764762,6.07
2018-09-03,6.06,6.11,6.04,2.265436,6.1
2018-09-04,6.1,6.15,6.06,2.831138,6.14
2018-09-05,6.13,6.16,6.1,1.58887,6.11
2018-09-06,6.08,6.16,6.08,1.55912,6.11
2018-09-07,6.11,6.16,6.11,1.87498,6.15
2018-09-10,6.12,6.24,6.12,4.661826,6.15
2018-09-11,6.15,6.17,6.07,1.714374,6.11
2018-09-12,6.12,6.17,6.1,2.330784,6.14
2018-09-13,6.16,6.24,6.14,3.447275,6.2
2018-09-14,6.2,6.33,6.18,4.385403,6.18
2018-09-17,6.23,6.24,6.16,3.557942,6.22
2018-09-18,6.22,6.28,6.17,2.950537,6.26
2018-09-19,6.26,6.33,6.21,4.149416,6.29
2018-09-20,6.27,6.36,6.26,3.563222,6.32
2018-09-21,6.36,6.45,6.33,5.210409,6.4
2018-09-25,6.4,6.44,6.36,3.91418,6.38
2018-09-26,6.41,6.43,6.33,3.529404,6.4
2018-09-27,6.4,6.4,6.19,5.108277,6.25
2018-09-28,6.27,6.3,6.24,3.3797,6.28
2018-10-08,6.23,6.29,6.15,3.849572,6.19
2018-10-09,6.18,6.22,6.07,3.89266,6.09
2018-10-10,6.09,6.13,6.05,2.920908,6.1
2018-10-11,6.0,6.0,5.58,5.64333,5.6
2018-10-12,5.44,5.55,5.4,5.256935,5.5
2018-10-15,5.54,5.54,5.37,3.1489,5.38
2018-10-16,5.38,5.43,5.24,3.051641,5.3
2018-10-17,5.34,5.38,5.2,3.476406,5.32
2018-10-18,5.26,5.3,5.2,2.244421,5.22
2018-10-19,5.18,5.28,5.13,7.761943,5.23
2018-10-22,5.28,5.57,5.24,7.617964,5.44
2018-10-23,5.44,5.47,5.24,5.458222,5.25
2018-10-24,5.21,5.36,5.21,3.727759,5.27
2018-10-25,5.13,5.24,5.08,4.48685,5.22
2018-10-26,5.26,5.34,5.25,4.126909,5.3
2018-10-29,5.3,5.31,5.16,3.1281,5.21
2018-10-30,5.2,5.27,5.12,4.43313,5.22
2018-10-31,5.23,5.3,5.17,4.340226,5.29
2018-11-01,5.35,5.45,5.28,8.478804,5.35
2018-11-02,5.4,5.44,5.33,9.91572,5.43
2018-11-05,5.41,5.43,5.34,8.709697,5.4
2018-11-06,5.38,5.39,5.34,4.9561,5.39
2018-11-07,5.39,5.42,5.37,5.426569,5.38
2018-11-08,5.39,5.43,5.36,6.992235,5.37
2018-11-09,5.37,5.38,5.33,3.498654,5.37
2018-11-12,5.38,5.52,5.36,7.580742,5.51
2018-11-13,5.48,5.6,5.44,8.663603,5.6
2018-11-14,5.58,5.65,5.56,6.930173,5.61
2018-11-15,5.61,5.65,5.56,4.981441,5.64
2018-11-16,5.63,5.72,5.61,6.077711,5.71
2018-11-19,5.73,5.76,5.64,4.440198,5.75
2018-11-20,5.69,5.8,5.56,8.715452,5.57
2018-11-21,5.56,5.64,5.5,3.649505,5.63
2018-11-22,5.61,5.7,5.6,3.87946,5.7
2018-11-23,5.65,5.65,5.47,8.839342,5.53
2018-11-26,5.5,5.55,5.38,5.63446,5.44
2018-11-27,5.45,5.51,5.44,2.357314,5.48
2018-11-28,5.48,5.55,5.44,3.234605,5.55
2018-11-29,5.56,5.57,5.49,3.776553,5.51
2018-11-30,5.5,5.5,5.4,2.56425,5.48
2018-12-03,5.55,5.62,5.55,5.091079,5.62
2018-12-04,5.6,5.65,5.57,3.541774,5.62
2018-12-05,5.55,5.61,5.54,2.9616,5.57
2018-12-06,5.56,5.56,5.49,5.021874,5.5
2018-12-07,5.55,5.55,5.5,1.903898,5.53
2018-12-10,5.57,5.58,5.39,5.660488,5.42
2018-12-11,5.44,5.49,5.44,2.891738,5.48
2018-12-12,5.5,5.57,5.48,3.244766,5.57
2018-12-13,5.56,5.67,5.55,5.0418,5.63
2018-12-14,5.64,5.72,5.6,5.813959,5.62
2018-12-17,5.65,5.65,5.57,2.71441,5.65
2018-12-18,5.64,5.73,5.61,6.674981,5.72
2018-12-19,5.73,5.74,5.65,3.778004,5.71
2018-12-20,5.67,5.74,5.67,2.986297,5.7
2018-12-21,5.68,5.72,5.62,2.7226,5.66
2018-12-24,5.72,5.78,5.67,3.151488,5.77
2018-12-25,5.72,5.78,5.66,3.575555,5.78
2018-12-26,5.78,5.81,5.72,2.731976,5.74
2018-12-27,5.8,5.81,5.74,3.944521,5.74
2019-01-02,5.71,5.71,5.6,4.656504,5.63
2019-01-03,5.63,5.68,5.55,4.7597,5.59
2019-01-04,5.54,5.64,5.52,4.761999,5.63
2019-01-07,5.59,5.65,5.55,4.302626,5.64
2019-01-08,5.64,5.75,5.62,3.892822,5.74
2019-01-09,5.74,5.79,5.69,4.930166,5.72
2019-01-10,5.71,5.75,5.6,4.796159,5.64
2019-01-11,5.66,5.76,5.65,3.858153,5.75
2019-01-14,5.76,5.8,5.69,4.689894,5.75
2019-01-15,5.75,5.78,5.71,2.952649,5.76
2019-01-16,5.77,5.79,5.69,2.729436,5.75
2019-01-17,5.73,5.77,5.71,1.9311,5.72
2019-01-18,5.72,5.75,5.69,2.687679,5.73
2019-01-21,5.73,5.79,5.72,3.503838,5.74
2019-01-22,5.78,5.79,5.72,2.225347,5.73
2019-01-23,5.72,5.73,5.61,4.665895,5.63
2019-01-24,5.61,5.74,5.61,2.60998,5.7
2019-01-25,5.73,5.77,5.69,2.162184,5.7
2019-01-28,5.75,5.76,5.67,2.68904,5.69
2019-01-29,5.68,5.68,5.57,4.19914,5.61
2019-01-30,5.6,5.61,5.45,6.4637,5.49
2019-01-31,5.48,5.54,5.41,2.0904,5.43
2019-02-01,5.43,5.57,5.43,1.935541,5.57
