date,open,high,low,volume,close
2018-01-02,8.69,8.99,8.66,109.164698,8.96
2018-01-03,8.98,9.2,8.88,84.272829,8.93
2018-01-04,8.91,9.14,8.9,74.872489,8.94
2018-01-05,8.96,9.02,8.81,64.615607,8.87
2018-01-08,8.87,9.34,8.83,143.477912,9.29
2018-01-09,9.29,9.29,9.01,102.53505,9.1
2018-01-10,9.0,9.13,8.94,68.645937,9.05
2018-01-11,9.05,9.06,8.78,84.626078,8.83
2018-01-12,8.88,9.11,8.81,95.494062,9.09
2018-01-15,9.03,9.04,8.75,105.289581,8.82
2018-01-16,8.82,8.89,8.75,71.990862,8.87
2018-01-17,8.85,9.09,8.78,104.756306,8.95
2018-01-18,8.95,9.34,8.86,232.239693,9.22
2018-01-19,9.25,9.65,9.15,422.988846,9.31
2018-01-22,9.4,9.51,9.23,289.735726,9.32
2018-01-23,9.31,9.33,9.13,285.206164,9.24
2018-01-24,9.26,9.47,9.19,232.51361,9.3
2018-01-25,9.31,9.77,9.26,309.145537,9.74
2018-01-26,9.73,9.96,9.54,325.586299,9.71
2018-01-29,9.87,10.21,9.86,259.255769,10.01
2018-01-30,10.01,10.17,9.73,178.116746,9.77
2018-01-31,9.73,10.03,9.58,162.056535,9.98
2018-02-01,10.18,10.55,10.03,220.958467,10.28
2018-02-02,10.18,11.13,10.01,278.474565,11.1
2018-02-05,10.92,11.45,10.87,268.171137,11.23
2018-02-06,10.85,11.1,10.7,322.676808,11.07
2018-02-07,11.3,11.48,10.42,324.132338,10.65
2018-02-08,10.4,10.49,9.82,250.429295,10.14
2018-02-09,9.8,10.06,9.24,329.37461,10.0
2018-02-12,9.76,10.05,9.61,161.542936,9.99
2018-02-13,10.04,10.25,9.83,161.950891,9.99
2018-02-14,9.99,10.35,9.92,115.947874,10.28
2018-02-22,10.41,10.46,10.03,162.821838,10.42
2018-02-23,10.31,10.56,10.24,136.747875,10.5
2018-02-26,10.75,10.93,10.52,158.687923,10.62
2018-02-27,10.57,10.6,9.97,215.78088,10.14
2018-02-28,10.02,10.13,9.8,130.882449,10.04
2018-03-01,9.95,10.11,9.9,103.207276,10.0
2018-03-02,9.79,9.79,9.46,140.519942,9.61
2018-03-05,9.62,9.65,9.33,135.99525,9.51
2018-03-06,9.57,9.69,9.38,121.046149,9.64
2018-03-07,9.61,9.66,9.36,80.130819,9.42
2018-03-08,9.38,9.45,9.28,73.081324,9.38
2018-03-09,9.42,9.43,9.0,176.672316,9.1
2018-03-12,9.11,9.28,9.01,141.394021,9.21
2018-03-13,9.18,9.36,9.14,101.973181,9.23
2018-03-14,9.19,9.58,9.12,127.380163,9.53
2018-03-15,9.48,9.59,9.37,80.977673,9.54
2018-03-16,9.55,9.59,9.4,65.121524,9.41
2018-03-19,9.28,9.28,9.07,89.529647,9.12
2018-03-20,9.01,9.22,8.99,55.273909,9.17
2018-03-21,9.19,9.23,9.04,67.154205,9.16
2018-03-22,9.15,9.17,9.0,58.929451,9.05
2018-03-23,8.6,8.7,8.35,208.308993,8.68
2018-03-26,8.5,8.5,8.18,144.048023,8.33
2018-03-27,8.43,8.49,8.34,87.699219,8.4
2018-03-28,8.2,8.51,8.18,61.517687,8.35
2018-03-29,8.45,8.69,8.27,101.61899,8.64
2018-03-30,8.65,8.68,8.4,80.508422,8.52
2018-04-02,8.59,8.78,8.54,84.930021,8.56
2018-04-03,8.49,8.51,8.35,57.249023,8.37
2018-04-04,8.42,8.47,8.21,57.237851,8.23
2018-04-09,8.26,8.58,8.26,76.40641,8.56
2018-04-10,8.63,8.9,8.63,100.182054,8.88
2018-04-11,8.92,9.05,8.76,75.174396,8.78
2018-04-12,8.81,8.81,8.69,37.682851,8.72
2018-04-13,8.79,8.81,8.65,48.376867,8.75
2018-04-16,8.71,8.75,8.36,85.864481,8.5
2018-04-17,8.47,8.62,8.37,54.866575,8.45
2018-04-18,8.64,8.96,8.64,108.155445,8.74
2018-04-19,8.88,9.13,8.81,109.241262,9.12
2018-04-20,9.05,9.26,8.96,86.934728,9.09
2018-04-23,9.05,9.29,9.01,61.493952,9.13
2018-04-24,9.3,9.56,9.21,118.222982,9.25
2018-04-25,9.17,9.24,9.06,46.917888,9.21
2018-04-26,9.23,9.27,9.03,52.527298,9.19
2018-04-27,9.2,9.3,8.98,60.382592,9.24
2018-05-02,9.0,9.18,8.61,135.665519,8.79
2018-05-03,8.8,8.95,8.75,66.185147,8.94
2018-05-04,8.96,9.08,8.91,55.476185,9.0
2018-05-07,9.03,9.15,8.85,49.580663,9.05
2018-05-08,9.08,9.17,9.03,50.97673,9.07
2018-05-09,9.09,9.13,8.8,68.506486,8.9
2018-05-10,8.91,8.98,8.85,31.710572,8.93
2018-05-11,9.0,9.04,8.86,51.922378,9.01
2018-05-14,9.02,9.15,9.0,59.925286,9.14
2018-05-15,9.16,9.16,8.86,79.998352,8.98
2018-05-16,8.91,8.94,8.82,42.423257,8.86
2018-05-17,8.86,8.89,8.7,45.353893,8.71
2018-05-18,8.71,8.81,8.64,43.251162,8.78
2018-05-21,8.87,8.93,8.7,64.449209,8.78
2018-05-22,8.78,8.79,8.59,47.988286,8.63
2018-05-23,8.63,8.63,8.43,48.845744,8.45
2018-05-24,8.46,8.5,8.41,25.468334,8.46
2018-05-25,8.48,8.53,8.33,45.993715,8.46
2018-05-28,8.43,8.5,8.38,27.826557,8.42
2018-05-29,8.4,8.62,8.33,65.336513,8.57
2018-05-30,8.46,8.48,8.24,57.751528,8.25
2018-05-31,8.3,8.44,8.29,57.102829,8.42
2018-06-01,8.38,8.65,8.37,58.476625,8.53
2018-06-04,8.67,8.81,8.62,74.532185,8.77
2018-06-05,8.8,8.81,8.7,42.042272,8.78
2018-06-06,8.8,8.92,8.79,62.774364,8.9
2018-06-07,8.95,9.23,8.95,105.624039,9.19
2018-06-08,8.72,8.76,8.57,74.279918,8.71
2018-06-11,8.63,9.0,8.61,67.088636,8.82
2018-06-12,8.86,8.97,8.69,51.85112,8.93
2018-06-13,8.82,9.07,8.8,60.351951,8.92
2018-06-14,8.85,9.05,8.64,84.16744,8.91
2018-06-15,8.86,9.06,8.82,86.554554,8.97
2018-06-19,8.82,8.94,8.43,109.533463,8.58
2018-06-20,8.6,8.7,8.43,60.239802,8.66
2018-06-21,8.62,8.95,8.61,69.219464,8.69
2018-06-22,8.62,8.75,8.41,59.638342,8.69
2018-06-25,8.68,8.72,8.45,58.451124,8.46
2018-06-26,8.35,8.35,7.97,71.882923,8.09
2018-06-27,8.09,8.14,7.71,87.798482,7.73
2018-06-28,7.77,7.87,7.6,62.250585,7.66
2018-06-29,7.7,7.84,7.61,69.049566,7.79
2018-07-02,7.74,7.76,7.28,66.220431,7.34
2018-07-03,7.39,7.43,6.98,82.646846,7.25
2018-07-04,7.25,7.49,7.24,56.570527,7.27
2018-07-05,7.21,7.24,7.01,45.4994,7.08
2018-07-06,7.09,7.28,7.05,55.962804,7.2
2018-07-09,7.25,7.53,7.23,62.861165,7.49
2018-07-10,7.48,7.66,7.43,77.489355,7.61
2018-07-11,7.4,7.48,7.27,47.674326,7.42
2018-07-12,7.5,7.68,7.5,61.036215,7.61
2018-07-13,7.68,7.72,7.56,45.434324,7.64
2018-07-16,7.65,7.66,7.42,43.539755,7.51
2018-07-17,7.46,7.51,7.27,44.785519,7.35
2018-07-18,7.4,7.54,7.37,51.842465,7.38
2018-07-19,7.49,7.74,7.47,128.320816,7.73
2018-07-20,7.72,7.94,7.63,81.699907,7.9
2018-07-23,7.83,8.29,7.8,74.837607,8.18
2018-07-24,8.47,8.89,8.47,142.025706,8.54
2018-07-25,8.62,8.76,8.48,74.141302,8.62
2018-07-26,8.63,8.7,8.29,73.805942,8.39
2018-07-27,8.54,8.58,8.35,50.623871,8.52
2018-07-30,8.53,8.95,8.5,104.876395,8.77
2018-07-31,8.7,8.77,8.55,40.09119,8.69
2018-08-01,8.88,8.94,8.32,93.131357,8.36
2018-08-02,8.36,8.49,8.17,92.569203,8.28
2018-08-03,8.33,8.54,8.26,54.393074,8.29
2018-08-06,8.33,8.41,7.96,49.730608,8.18
2018-08-07,8.25,8.58,8.21,59.507164,8.56
2018-08-08,8.6,8.83,8.54,78.031862,8.66
2018-08-09,8.58,8.77,8.43,56.295092,8.67
2018-08-10,8.69,8.72,8.52,35.103354,8.59
2018-08-13,8.5,8.75,8.42,56.442798,8.71
2018-08-14,8.68,8.68,8.42,64.455287,8.46
2018-08-15,8.48,8.51,8.22,41.730759,8.23
2018-08-16,8.14,8.24,7.97,51.0083,8.08
2018-08-17,8.21,8.25,8.06,35.892251,8.1
2018-08-20,8.2,8.35,8.11,44.750542,8.35
2018-08-21,8.34,8.49,8.31,47.581958,8.35
2018-08-22,8.3,8.43,8.3,23.507498,8.33
2018-08-23,8.31,8.33,8.06,52.06775,8.12
2018-08-24,8.09,8.16,8.01,37.868986,8.07
2018-08-27,8.11,8.23,8.0,54.683503,8.19
2018-08-28,8.2,8.25,8.11,54.908678,8.18
2018-08-29,8.15,8.17,8.03,36.903055,8.06
2018-08-30,8.06,8.09,7.85,73.6309,7.93
2018-08-31,7.89,7.92,7.76,59.56347,7.88
2018-09-03,7.81,7.85,7.61,48.906676,7.69
2018-09-04,7.67,7.82,7.63,40.025018,7.78
2018-09-05,7.74,7.77,7.55,45.976106,7.55
2018-09-06,7.51,7.64,7.4,52.520361,7.44
2018-09-07,7.52,7.67,7.51,46.375153,7.56
2018-09-10,7.6,7.66,7.52,33.76374,7.61
2018-09-11,7.55,7.55,7.12,123.265448,7.17
2018-09-12,7.15,7.26,7.05,54.0912,7.2
2018-09-13,7.3,7.33,7.13,44.403458,7.24
2018-09-14,7.25,7.34,7.18,41.323208,7.34
2018-09-17,7.31,7.31,7.22,24.853873,7.23
2018-09-18,7.26,7.61,7.23,58.317376,7.59
2018-09-19,7.56,7.72,7.55,56.743584,7.67
2018-09-20,7.67,7.76,7.61,29.374254,7.7
2018-09-21,7.68,8.01,7.64,46.597952,7.95
2018-09-25,7.86,7.86,7.75,26.147982,7.79
2018-09-26,7.95,8.02,7.88,57.336056,7.88
2018-09-27,7.95,7.99,7.89,30.475598,7.91
2018-09-28,7.82,7.9,7.68,64.099274,7.85
2018-10-08,7.66,7.73,7.28,93.943318,7.37
2018-10-09,7.35,7.42,7.34,41.476108,7.38
2018-10-10,7.39,7.54,7.38,42.267331,7.48
2018-10-11,7.27,7.35,7.14,61.234717,7.18
2018-10-12,7.22,7.5,7.13,70.45002,7.48
2018-10-15,7.48,7.5,7.25,43.886777,7.3
2018-10-16,7.3,7.47,7.21,37.232209,7.25
2018-10-17,7.35,7.42,7.25,38.142802,7.41
2018-10-18,7.31,7.37,7.17,44.329187,7.19
2018-10-19,7.14,7.42,7.06,50.197188,7.42
2018-10-22,7.51,7.77,7.44,99.450739,7.76
2018-10-23,7.68,7.71,7.37,74.577882,7.42
2018-10-24,7.42,7.63,7.35,56.423629,7.46
2018-10-25,7.3,7.58,7.21,54.850457,7.56
2018-10-26,7.59,7.74,7.52,47.905798,7.58
2018-10-29,7.6,7.63,7.35,41.874647,7.39
2018-10-30,7.45,7.56,7.39,43.704019,7.51
2018-10-31,7.5,7.7,7.44,61.280557,7.65
2018-11-01,7.75,7.77,7.55,53.284751,7.57
2018-11-02,7.65,7.75,7.55,52.158338,7.74
2018-11-05,7.7,7.74,7.57,37.337952,7.66
2018-11-06,7.65,7.65,7.56,23.062137,7.62
2018-11-07,7.65,7.7,7.51,26.778076,7.55
2018-11-08,7.61,7.63,7.5,29.207009,7.56
2018-11-09,7.52,7.6,7.47,22.203025,7.47
2018-11-12,7.44,7.5,7.39,22.580988,7.49
2018-11-13,7.41,7.54,7.4,33.180662,7.48
2018-11-14,7.47,7.59,7.41,43.23371,7.43
2018-11-15,7.43,7.49,7.39,30.22543,7.48
2018-11-16,7.47,7.49,7.41,30.566482,7.43
2018-11-19,7.45,7.48,7.36,47.467014,7.45
2018-11-20,7.4,7.4,7.27,55.588375,7.3
2018-11-21,7.19,7.55,7.18,74.79385,7.43
2018-11-22,7.3,7.34,7.25,41.287392,7.27
2018-11-23,7.25,7.27,7.11,42.798651,7.11
2018-11-26,7.09,7.09,6.92,48.294335,6.94
2018-11-27,6.97,6.99,6.81,37.149454,6.84
2018-11-28,6.83,6.87,6.78,34.196894,6.85
2018-11-29,6.92,6.92,6.7,41.677486,6.7
2018-11-30,6.68,6.75,6.62,42.962608,6.72
2018-12-03,6.86,6.91,6.82,66.5132,6.84
2018-12-04,6.86,7.05,6.83,68.804627,7.0
2018-12-05,6.9,6.98,6.87,33.760515,6.94
2018-12-06,6.87,6.92,6.84,25.447697,6.88
2018-12-07,6.88,6.94,6.85,23.335759,6.92
2018-12-10,6.85,6.9,6.76,26.956491,6.9
2018-12-11,6.85,6.89,6.81,21.74235,6.89
2018-12-12,6.95,6.95,6.82,21.153538,6.83
2018-12-13,6.84,6.95,6.78,40.486732,6.91
2018-12-14,6.87,6.89,6.75,52.694413,6.77
2018-12-17,6.76,6.82,6.74,30.599861,6.8
2018-12-18,6.74,6.8,6.67,28.771213,6.71
2018-12-19,6.7,6.75,6.65,26.78406,6.65
2018-12-20,6.62,6.67,6.57,36.393544,6.58
2018-12-21,6.58,6.65,6.55,35.377005,6.62
2018-12-24,6.58,6.64,6.57,22.630248,6.62
2018-12-25,6.57,6.59,6.31,50.320945,6.39
2018-12-26,6.39,6.41,6.32,23.434393,6.33
2018-12-27,6.41,6.55,6.39,50.343069,6.43
2019-01-02,6.46,6.51,6.3,37.581275,6.35
2019-01-03,6.34,6.44,6.33,24.650296,6.43
2019-01-04,6.38,6.54,6.36,42.153162,6.51
2019-01-07,6.57,6.62,6.53,46.166391,6.57
2019-01-08,6.61,6.71,6.58,34.190362,6.64
2019-01-09,6.71,6.85,6.68,45.190434,6.73
2019-01-10,6.72,6.8,6.67,30.08936,6.68
2019-01-11,6.71,6.79,6.7,24.48671,6.74
2019-01-14,6.74,6.83,6.69,29.363669,6.75
2019-01-15,6.76,6.82,6.74,30.400947,6.79
2019-01-16,6.78,6.83,6.76,23.701897,6.81
2019-01-17,6.86,6.87,6.76,27.219349,6.77
2019-01-18,6.82,6.98,6.77,65.03557,6.93
2019-01-21,6.94,7.1,6.94,51.503339,7.07
2019-01-22,7.09,7.09,6.95,26.943374,6.95
2019-01-23,6.93,6.98,6.81,36.560151,6.88
2019-01-24,6.91,6.91,6.76,34.764511,6.87
2019-01-25,6.88,6.98,6.88,35.272118,6.95
2019-01-28,6.94,7.02,6.82,44.702814,6.85
2019-01-29,6.83,6.99,6.8,43.150351,6.97
2019-01-30,6.93,7.02,6.88,30.774366,6.94
2019-01-31,6.95,7.03,6.94,38.989196,7.01
2019-02-01,7.06,7.08,6.98,29.883947,7.07
