date,open,high,low,volume,close
2018-01-02,8.91,9.19,8.85,7.71125,9.15
2018-01-03,9.2,9.4,9.19,8.440136,9.19
2018-01-04,9.16,9.17,9.01,5.694993,9.1
2018-01-05,9.1,9.12,8.94,8.13565,8.95
2018-01-08,8.95,9.05,8.85,8.789054,9.02
2018-01-09,9.01,9.07,8.92,7.120933,9.05
2018-01-10,9.04,9.04,8.91,3.975838,8.94
2018-01-11,8.93,8.97,8.91,2.812756,8.95
2018-01-12,8.97,9.27,8.9,13.700368,9.12
2018-01-15,9.1,9.13,8.81,7.926784,9.05
2018-01-16,9.02,9.09,8.91,3.9153,9.06
2018-01-17,9.08,9.2,8.99,7.435297,9.04
2018-01-18,9.04,9.09,8.85,8.75445,8.88
2018-01-19,8.89,8.92,8.83,5.735474,8.84
2018-01-22,8.84,8.93,8.75,7.735266,8.78
2018-01-23,8.78,8.86,8.71,8.432224,8.84
2018-01-24,8.83,8.83,8.57,11.939416,8.61
2018-01-25,8.63,8.63,8.52,8.45213,8.54
2018-01-26,8.51,8.55,8.47,7.292239,8.52
2018-01-29,8.54,8.57,8.31,7.7047,8.34
2018-01-30,8.24,8.38,8.23,5.824268,8.38
2018-01-31,8.35,8.35,8.26,3.758431,8.29
2018-02-01,8.29,8.29,7.98,8.27301,8.04
2018-02-02,8.03,8.03,7.78,6.968334,7.91
2018-02-05,7.73,7.86,7.73,6.444225,7.79
2018-02-06,7.73,7.76,7.3,8.57251,7.32
2018-02-07,7.32,7.55,7.29,6.755096,7.35
2018-02-08,7.32,7.5,7.3,3.920646,7.49
2018-02-09,7.43,7.43,7.12,6.692988,7.33
2018-02-12,7.35,7.55,7.33,5.405603,7.48
2018-02-13,7.49,7.65,7.45,7.882475,7.55
2018-02-14,7.56,7.56,7.42,4.140586,7.48
2018-02-22,7.51,7.68,7.51,5.274697,7.6
2018-02-23,7.61,7.67,7.57,5.611424,7.65
2018-02-26,7.68,7.84,7.68,8.881676,7.79
2018-02-27,7.81,7.84,7.77,6.224251,7.8
2018-02-28,7.77,8.08,7.72,8.953272,8.01
2018-03-01,7.96,8.14,7.95,5.854927,8.09
2018-03-02,8.07,8.13,8.01,4.545922,8.09
2018-03-05,8.09,8.15,8.0,5.607503,8.04
2018-03-06,8.05,8.16,8.05,5.195704,8.12
2018-03-07,8.12,8.34,8.1,8.397957,8.18
2018-03-08,8.18,8.29,8.18,5.028775,8.22
2018-03-09,8.28,8.28,8.18,4.354026,8.25
2018-03-12,8.27,8.28,8.19,5.980405,8.25
2018-03-13,8.25,8.26,8.1,6.463303,8.12
2018-03-14,8.11,8.29,8.08,7.557706,8.26
2018-03-15,8.26,8.26,8.11,4.623287,8.17
2018-03-16,8.17,8.21,8.1,3.948644,8.19
2018-03-19,8.19,8.25,8.12,4.027733,8.17
2018-03-20,8.15,8.23,8.08,4.552442,8.19
2018-03-21,8.21,8.21,8.09,4.624958,8.13
2018-03-22,8.11,8.35,8.08,6.300908,8.21
2018-03-23,8.11,8.11,7.69,9.233412,7.78
2018-03-26,7.7,8.04,7.42,9.095942,8.01
2018-03-27,8.1,8.34,8.05,8.848946,8.23
2018-03-28,8.15,8.45,8.08,13.848831,8.43
2018-03-29,8.36,8.59,8.36,10.7931,8.36
2018-03-30,8.38,8.44,8.27,8.420864,8.4
2018-04-02,8.43,8.89,8.43,23.790573,8.83
2018-04-03,8.72,9.0,8.6,13.724991,8.83
2018-04-04,8.82,8.89,8.75,7.947004,8.77
2018-04-09,8.76,8.89,8.6,10.567981,8.73
2018-04-10,8.73,8.75,8.54,6.592838,8.69
2018-04-11,8.76,9.2,8.7,26.65561,9.18
2018-04-12,9.15,9.5,9.06,33.014331,9.46
2018-04-13,9.37,9.7,9.16,29.474037,9.2
2018-04-16,9.18,9.2,8.45,29.934336,8.6
2018-04-17,8.59,8.71,8.42,11.979248,8.58
2018-04-18,8.6,8.69,8.49,6.659361,8.64
2018-04-19,8.64,8.64,8.51,7.335878,8.53
2018-04-20,8.5,8.51,8.04,15.615089,8.05
2018-04-23,8.09,8.23,7.94,7.186583,8.09
2018-04-24,8.01,8.38,8.0,10.341487,8.29
2018-04-25,8.29,8.5,8.26,8.045809,8.32
2018-04-26,8.31,8.31,8.0,8.628393,8.03
2018-04-27,8.12,8.2,8.01,5.44498,8.06
2018-05-02,8.06,8.06,7.89,5.976836,7.94
2018-05-03,7.94,7.96,7.73,6.581167,7.88
2018-05-04,7.84,7.97,7.81,3.295564,7.91
2018-05-07,7.91,8.16,7.91,7.138546,8.09
2018-05-08,8.11,8.16,8.03,6.1289,8.06
2018-05-09,8.08,8.11,8.01,4.886961,8.08
2018-05-10,8.1,8.22,8.07,4.872913,8.16
2018-05-11,8.16,8.2,8.08,3.056482,8.11
2018-05-14,8.14,8.15,8.04,3.01034,8.07
2018-05-15,8.08,8.08,7.93,4.557403,8.05
2018-05-16,8.02,8.07,7.96,3.350424,8.01
2018-05-17,8.0,8.03,7.94,2.88939,7.99
2018-05-18,8.0,8.04,7.79,3.984224,8.03
2018-05-21,8.05,8.13,8.05,3.7791,8.11
2018-05-22,8.15,8.19,8.07,5.2446,8.16
2018-05-23,8.16,8.22,8.09,4.206021,8.13
2018-05-24,8.14,8.19,8.06,3.2723,8.06
2018-05-25,8.06,8.08,7.94,3.1055,7.95
2018-05-28,7.95,8.01,7.9,2.872674,7.92
2018-05-29,7.92,7.98,7.87,2.8531,7.9
2018-05-30,7.84,7.84,7.6,5.1915,7.61
2018-05-31,7.66,7.75,7.62,2.91313,7.68
2018-06-01,7.69,7.75,7.51,3.460836,7.58
2018-06-04,7.56,7.64,7.47,2.731303,7.54
2018-06-05,7.57,7.61,7.51,2.495347,7.6
2018-06-06,7.6,7.75,7.57,2.735135,7.75
2018-06-07,7.75,8.08,7.75,7.519245,7.81
2018-06-08,7.81,7.88,7.7,3.207862,7.88
2018-06-11,7.87,7.87,7.74,2.3587,7.83
2018-06-12,7.85,7.85,7.67,3.834,7.76
2018-06-13,7.75,7.75,7.59,3.253681,7.61
2018-06-14,7.6,7.71,7.58,1.977709,7.63
2018-06-15,7.61,7.68,7.6,2.194703,7.61
2018-06-19,7.58,7.58,6.9,7.250945,7.04
2018-06-20,7.0,7.12,6.95,4.781103,7.06
2018-06-21,7.0,7.11,6.57,6.2409,6.59
2018-06-22,6.59,6.72,6.35,4.488226,6.69
2018-06-25,6.75,6.77,6.68,3.07818,6.72
2018-06-26,6.61,6.7,6.53,2.678697,6.66
2018-06-27,6.62,6.72,6.61,2.463337,6.67
2018-06-28,6.61,6.68,6.53,2.625986,6.57
2018-06-29,6.48,6.69,6.48,3.561444,6.68
2018-07-02,6.68,6.75,6.62,2.8677,6.66
2018-07-03,6.63,6.71,6.52,2.771613,6.7
2018-07-04,6.7,6.74,6.64,2.399673,6.74
2018-07-05,6.74,6.78,6.6,2.356003,6.6
2018-07-06,6.5,6.5,6.12,3.9472,6.37
2018-07-09,6.36,6.46,6.32,2.532003,6.45
2018-07-10,6.44,6.53,6.41,1.615006,6.49
2018-07-11,6.48,6.48,6.1,4.895464,6.24
2018-07-12,6.2,6.32,6.15,4.850057,6.28
2018-07-13,6.28,6.28,6.21,3.384354,6.26
2018-07-16,6.28,6.28,6.18,1.812933,6.21
2018-07-17,6.2,6.25,6.2,2.128692,6.23
2018-07-18,6.23,6.4,6.21,4.304191,6.33
2018-07-19,6.4,6.42,6.21,3.426613,6.22
2018-07-20,6.22,6.34,6.19,2.821349,6.32
2018-07-23,6.4,6.46,6.28,4.974073,6.43
2018-07-24,6.44,6.74,6.44,9.893694,6.74
2018-07-25,6.74,6.77,6.62,5.117818,6.68
2018-07-26,6.67,6.95,6.67,7.810658,6.82
2018-07-27,6.8,7.06,6.73,5.604872,6.92
2018-07-30,6.83,7.01,6.81,4.932924,6.85
2018-07-31,6.82,6.92,6.8,3.225563,6.87
2018-08-01,6.81,6.9,6.77,3.333739,6.78
2018-08-02,6.7,6.81,6.53,8.5704,6.76
2018-08-03,6.85,7.08,6.76,11.780632,7.02
2018-08-06,6.97,7.25,6.97,10.26692,7.06
2018-08-07,7.0,7.16,6.86,10.44741,7.13
2018-08-08,7.08,7.11,6.94,7.326043,6.99
2018-08-09,6.91,7.2,6.9,7.847572,7.08
2018-08-10,7.07,7.28,7.05,12.208633,7.23
2018-08-13,7.18,7.18,7.05,5.41466,7.14
2018-08-14,7.09,7.18,7.06,3.728449,7.11
2018-08-15,7.1,7.27,7.05,10.191713,7.08
2018-08-16,7.0,7.06,6.8,7.242545,6.81
2018-08-17,6.87,6.97,6.84,4.605603,6.84
2018-08-20,6.83,6.9,6.58,4.977434,6.73
2018-08-21,6.7,6.85,6.67,4.3738,6.77
2018-08-22,6.77,6.77,6.63,2.742785,6.63
2018-08-23,6.62,6.69,6.59,2.319643,6.63
2018-08-24,6.63,6.68,6.57,2.3012,6.59
2018-08-27,6.6,6.73,6.6,3.288709,6.69
2018-08-28,6.7,6.92,6.7,4.619243,6.87
2018-08-29,6.82,6.97,6.82,4.806851,6.96
2018-08-30,6.96,7.05,6.91,4.180603,6.96
2018-08-31,6.95,6.98,6.85,2.9473,6.88
2018-09-03,6.95,6.95,6.7,3.380875,6.83
2018-09-04,6.81,6.87,6.77,2.2902,6.82
2018-09-05,6.82,6.86,6.78,2.2719,6.81
2018-09-06,6.82,6.85,6.6,3.835777,6.81
2018-09-07,6.72,6.78,6.63,4.50453,6.68
2018-09-10,6.66,6.71,6.57,2.334275,6.57
2018-09-11,6.58,6.66,6.5,2.2255,6.52
2018-09-12,6.57,6.64,6.53,1.5714,6.56
2018-09-13,6.58,6.65,6.52,2.642788,6.57
2018-09-14,6.58,6.88,6.57,6.037039,6.79
2018-09-17,6.8,6.81,6.65,2.433903,6.67
2018-09-18,6.66,6.76,6.61,3.166937,6.76
2018-09-19,6.85,7.19,6.84,11.700478,7.06
2018-09-20,6.95,7.07,6.92,5.361573,7.07
2018-09-21,7.06,7.06,6.93,4.090009,7.04
2018-09-25,6.95,7.02,6.95,1.79216,7.01
2018-09-26,7.03,7.13,7.01,5.92372,7.02
2018-09-27,7.0,7.11,6.96,5.46078,7.0
2018-09-28,7.0,7.08,7.0,3.0065,7.03
2018-10-08,7.0,7.37,6.8,14.464545,7.24
2018-10-09,7.23,7.29,7.15,6.545111,7.23
2018-10-10,7.23,7.28,7.14,6.444911,7.15
2018-10-11,7.07,7.07,6.93,15.2435,6.99
2018-10-12,6.93,7.5,6.9,19.16313,7.44
2018-10-15,7.45,7.61,7.3,9.682329,7.3
2018-10-16,7.3,7.61,7.26,12.879105,7.55
2018-10-17,7.59,7.64,7.38,9.616341,7.6
2018-10-18,7.51,7.72,7.35,12.7933,7.5
2018-10-19,7.45,7.66,7.34,8.984609,7.65
2018-10-22,7.73,8.05,7.6,14.186546,7.98
2018-10-23,7.96,8.63,7.89,25.488483,8.52
2018-10-24,8.43,8.54,8.26,11.791812,8.4
2018-10-25,8.25,8.53,8.14,10.890542,8.48
2018-10-26,8.3,8.42,7.96,10.64654,8.26
2018-10-29,8.2,8.2,7.92,7.460472,8.0
2018-10-30,8.0,8.16,7.84,7.223743,8.06
2018-10-31,8.01,8.14,7.98,5.242619,8.0
2018-11-01,8.0,8.1,7.98,4.392736,7.99
2018-11-02,8.06,8.11,7.92,8.033574,8.09
2018-11-05,8.05,8.41,8.0,12.721278,8.35
2018-11-06,8.35,8.58,8.21,9.121395,8.42
2018-11-07,8.39,8.48,8.32,6.2171,8.34
2018-11-08,8.33,8.44,8.27,3.9424,8.28
2018-11-09,8.22,8.48,8.18,5.30438,8.35
2018-11-12,8.45,8.45,7.98,6.036553,8.23
2018-11-13,8.1,8.29,8.0,5.736703,8.23
2018-11-14,8.23,8.29,8.01,6.053337,8.04
2018-11-15,8.06,8.14,8.0,4.148553,8.1
2018-11-16,8.19,8.2,8.05,4.2503,8.16
2018-11-19,8.19,8.42,8.19,6.446062,8.26
2018-11-20,8.26,8.26,8.01,5.190549,8.03
2018-11-21,7.94,8.01,7.86,3.717789,7.93
2018-11-22,7.93,8.02,7.93,1.7652,7.94
2018-11-23,7.99,7.99,7.55,5.507598,7.57
2018-11-26,7.57,7.68,7.55,2.1338,7.62
2018-11-27,7.66,7.72,7.63,1.764768,7.69
2018-11-28,7.69,7.71,7.59,2.217961,7.66
2018-11-29,7.67,7.75,7.54,2.7154,7.64
2018-11-30,7.81,8.29,7.81,11.2589,8.05
2018-12-03,8.07,8.17,8.0,8.455803,8.05
2018-12-04,8.05,8.05,7.91,3.413722,7.99
2018-12-05,7.85,8.04,7.77,3.488922,7.97
2018-12-06,7.97,8.04,7.89,2.435696,7.99
2018-12-07,7.98,8.0,7.9,1.5322,7.98
2018-12-10,7.97,7.97,7.79,2.5142,7.81
2018-12-11,7.8,7.88,7.78,1.1113,7.83
2018-12-12,7.83,7.88,7.79,1.0187,7.83
2018-12-13,7.82,7.97,7.8,2.010709,7.86
2018-12-14,7.85,7.89,7.7,2.8185,7.85
2018-12-17,7.84,7.91,7.72,2.444478,7.89
2018-12-18,7.8,7.87,7.75,1.652311,7.86
2018-12-19,7.83,7.93,7.8,2.424195,7.87
2018-12-20,7.87,7.89,7.81,1.510195,7.85
2018-12-21,7.81,7.81,7.64,3.6068,7.77
2018-12-24,7.73,7.73,7.67,1.019203,7.68
2018-12-25,7.67,7.69,7.37,2.444,7.53
2018-12-26,7.51,7.56,7.47,1.107979,7.48
2018-12-27,7.63,7.63,7.41,1.5671,7.42
2019-01-02,7.33,7.66,7.33,2.405006,7.49
2019-01-03,7.41,7.53,7.4,1.1994,7.44
2019-01-04,7.44,7.65,7.35,2.347112,7.59
2019-01-07,7.61,7.68,7.6,1.504098,7.65
2019-01-08,7.65,7.66,7.57,1.252909,7.66
2019-01-09,7.65,7.73,7.62,1.725221,7.65
2019-01-10,7.64,7.65,7.55,1.6204,7.55
2019-01-11,7.54,7.59,7.49,1.384,7.55
2019-01-14,7.55,7.72,7.55,2.3798,7.67
2019-01-15,7.68,7.7,7.56,2.398776,7.68
2019-01-16,7.66,7.69,7.61,2.15653,7.64
2019-01-17,7.65,7.87,7.65,5.60173,7.8
2019-01-18,7.77,7.94,7.77,4.605133,7.84
2019-01-21,7.84,8.03,7.84,4.778331,7.99
2019-01-22,7.99,8.01,7.85,3.5772,7.89
2019-01-23,7.88,7.99,7.85,2.588611,7.9
2019-01-24,7.97,7.99,7.82,4.831926,7.97
2019-01-25,7.97,8.17,7.97,7.085141,8.13
2019-01-28,8.13,8.3,8.08,4.929386,8.09
2019-01-29,8.09,8.2,8.03,4.530879,8.11
2019-01-30,8.1,8.2,8.06,4.4699,8.1
2019-01-31,8.05,8.14,7.93,4.1731,7.97
2019-02-01,8.07,8.12,7.97,3.576808,8.08
