date,open,high,low,volume,close
2018-01-02,8.98,9.06,8.94,3.383578,9.05
2018-01-03,9.02,9.25,9.01,8.050899,9.24
2018-01-04,9.2,9.2,9.13,3.773709,9.14
2018-01-05,9.14,9.2,9.11,2.853855,9.17
2018-01-08,9.14,9.21,9.1,3.870491,9.2
2018-01-09,9.17,9.22,9.12,2.637,9.15
2018-01-10,9.17,9.22,9.04,3.459415,9.08
2018-01-11,9.12,9.16,9.05,2.796974,9.14
2018-01-12,9.12,9.17,9.08,2.446803,9.14
2018-01-15,9.14,9.15,8.76,6.318711,8.77
2018-01-16,8.81,8.84,8.69,3.478941,8.76
2018-01-17,8.76,8.77,8.47,5.746261,8.65
2018-01-18,8.63,8.68,8.56,3.163267,8.63
2018-01-19,8.62,8.68,8.58,3.010075,8.64
2018-01-22,8.64,8.72,8.5,3.537227,8.69
2018-01-23,8.67,8.72,8.63,2.60393,8.69
2018-01-24,8.66,8.75,8.65,3.263151,8.74
2018-01-25,8.7,8.86,8.69,3.094002,8.75
2018-01-26,8.75,8.77,8.7,2.26042,8.74
2018-01-29,8.7,8.7,8.5,5.253098,8.52
2018-01-30,8.52,8.55,8.48,1.913958,8.51
2018-01-31,8.51,8.51,8.01,7.354054,8.02
2018-02-01,8.05,8.12,7.52,6.957115,7.54
2018-02-02,7.65,7.65,7.34,3.86982,7.46
2018-02-05,7.3,7.47,7.28,3.493533,7.4
2018-02-06,7.26,7.33,6.7,7.591428,6.75
2018-02-07,6.91,6.96,6.69,4.337709,6.84
2018-02-08,6.88,7.04,6.84,3.51232,7.02
2018-02-09,6.9,6.95,6.7,4.431388,6.8
2018-02-12,6.81,7.07,6.81,2.826438,7.01
2018-02-13,7.0,7.12,7.0,2.430252,7.08
2018-02-14,7.07,7.11,7.01,2.088717,7.11
2018-02-22,7.16,7.24,7.11,2.576915,7.2
2018-02-23,7.19,7.28,7.17,2.643892,7.23
2018-02-26,7.24,7.39,7.24,3.293983,7.38
2018-02-27,7.38,7.58,7.32,4.34262,7.42
2018-02-28,7.38,7.56,7.33,4.444374,7.53
2018-03-01,7.45,7.85,7.43,9.134529,7.74
2018-03-02,7.63,7.71,7.58,4.397632,7.62
2018-03-05,7.6,7.65,7.45,5.212888,7.58
2018-03-06,7.58,7.67,7.52,3.87092,7.64
2018-03-07,7.6,7.62,7.5,3.005145,7.54
2018-03-08,7.54,7.62,7.49,4.42889,7.59
2018-03-09,7.58,7.76,7.55,6.40899,7.71
2018-03-12,7.71,7.82,7.67,5.923347,7.79
2018-03-13,7.77,7.84,7.74,5.063178,7.75
2018-03-14,7.72,7.77,7.52,4.910322,7.53
2018-03-15,7.56,7.62,7.48,4.267838,7.62
2018-03-16,7.63,7.72,7.57,4.970675,7.59
2018-03-19,7.58,7.78,7.56,5.373331,7.68
2018-03-20,7.64,7.67,7.51,4.197414,7.65
2018-03-21,7.63,7.88,7.63,7.222496,7.7
2018-03-22,7.68,7.93,7.55,11.643415,7.91
2018-03-23,7.71,7.79,7.12,12.784099,7.14
2018-03-26,6.9,7.2,6.82,7.10112,7.19
2018-03-27,7.27,7.39,7.22,6.311458,7.31
2018-03-28,7.24,7.52,7.19,6.294071,7.33
2018-03-29,7.38,7.45,7.33,4.048885,7.41
2018-03-30,7.47,7.48,7.39,4.467101,7.47
2018-04-02,7.47,7.63,7.45,5.214436,7.49
2018-04-03,7.31,7.54,7.26,5.32351,7.52
2018-04-04,7.49,7.54,7.31,4.319268,7.32
2018-04-09,7.17,7.31,7.13,4.596089,7.24
2018-04-10,7.25,7.3,7.16,4.039807,7.26
2018-04-11,7.3,7.35,7.25,4.482384,7.29
2018-04-12,7.29,7.34,7.18,3.586752,7.19
2018-04-13,7.25,7.28,7.16,3.19635,7.18
2018-04-16,7.17,7.2,7.01,4.201208,7.03
2018-04-17,7.09,7.09,6.88,3.512928,6.91
2018-04-18,6.99,7.0,6.83,3.447231,6.99
2018-04-19,7.0,7.14,6.97,3.942149,7.09
2018-04-20,7.05,7.1,6.87,3.3184,6.87
2018-04-23,6.89,6.95,6.73,3.57932,6.83
2018-04-24,6.86,6.99,6.82,3.028229,6.98
2018-04-25,6.92,7.03,6.92,2.597297,7.01
2018-04-26,7.01,7.03,6.82,3.310289,6.86
2018-04-27,6.88,6.94,6.83,2.891406,6.89
2018-05-02,6.91,6.93,6.79,3.370433,6.83
2018-05-03,6.8,6.96,6.78,3.881718,6.95
2018-05-04,6.95,7.0,6.93,2.607035,6.98
2018-05-07,7.0,7.09,6.97,4.026458,7.07
2018-05-08,7.07,7.11,7.04,3.470052,7.1
2018-05-09,7.07,7.21,7.06,4.515596,7.17
2018-05-10,7.2,7.2,7.1,3.052179,7.14
2018-05-11,7.17,7.17,7.08,3.603991,7.11
2018-05-14,7.09,7.15,7.06,2.133875,7.09
2018-05-15,7.08,7.2,7.07,3.147837,7.18
2018-05-16,7.17,7.24,7.11,3.735865,7.19
2018-05-17,7.19,7.38,7.17,6.987666,7.33
2018-05-18,7.32,7.36,7.22,5.268283,7.35
2018-05-21,7.46,7.58,7.36,11.713266,7.38
2018-05-22,7.34,7.4,7.28,5.135156,7.39
2018-05-23,7.34,7.35,7.18,5.61187,7.2
2018-05-24,7.26,7.26,7.16,2.810053,7.17
2018-05-25,7.16,7.23,7.07,2.617113,7.09
2018-05-28,7.09,7.13,6.93,3.344219,6.94
2018-05-29,6.93,7.02,6.91,2.307193,6.91
2018-05-30,6.82,6.84,6.61,4.624821,6.62
2018-05-31,6.69,6.74,6.63,2.946143,6.7
2018-06-01,6.69,6.73,6.51,3.1896,6.6
2018-06-04,6.61,6.66,6.57,2.518026,6.62
2018-06-05,6.64,6.72,6.61,1.929849,6.71
2018-06-06,6.71,6.74,6.66,1.965058,6.71
2018-06-07,6.69,6.73,6.62,2.115396,6.62
2018-06-08,6.59,6.61,6.42,3.351442,6.46
2018-06-11,6.46,6.51,6.4,2.193651,6.47
2018-06-12,6.49,6.6,6.47,2.651556,6.59
2018-06-13,6.55,6.58,6.43,2.011704,6.45
2018-06-14,6.45,6.51,6.41,2.001748,6.46
2018-06-15,6.49,6.49,6.34,2.902937,6.36
2018-06-19,6.3,6.3,5.72,6.570765,5.75
2018-06-20,5.71,5.88,5.68,3.7571,5.78
2018-06-21,5.75,5.82,5.62,3.425155,5.66
2018-06-22,5.59,5.71,5.53,2.409856,5.67
2018-06-25,5.67,5.78,5.64,2.4037,5.66
2018-06-26,5.6,5.72,5.53,2.396914,5.7
2018-06-27,5.71,5.75,5.65,2.679682,5.67
2018-06-28,5.67,5.77,5.62,2.712117,5.66
2018-06-29,5.67,5.88,5.63,3.86633,5.87
2018-07-02,5.93,5.93,5.72,2.910452,5.76
2018-07-03,5.76,5.92,5.75,3.26632,5.92
2018-07-04,5.92,6.09,5.85,3.398074,5.93
2018-07-05,5.86,5.94,5.69,2.730555,5.71
2018-07-06,5.72,5.89,5.62,3.42658,5.88
2018-07-09,5.88,5.93,5.8,5.737369,5.92
2018-07-10,5.89,5.92,5.83,3.02544,5.88
2018-07-11,5.84,5.84,5.64,3.95978,5.7
2018-07-12,5.69,5.85,5.67,3.083851,5.81
2018-07-13,5.8,5.87,5.79,2.202768,5.84
2018-07-16,5.85,5.95,5.84,3.082883,5.86
2018-07-17,5.84,5.91,5.83,2.402499,5.9
2018-07-18,5.91,6.18,5.9,5.359538,5.93
2018-07-19,5.9,5.95,5.83,2.693649,5.86
2018-07-20,5.85,5.99,5.83,3.078669,5.97
2018-07-23,5.98,6.05,5.95,3.902813,6.05
2018-07-24,6.05,6.19,6.02,6.03737,6.17
2018-07-25,6.17,6.2,6.08,3.842998,6.11
2018-07-26,6.13,6.2,6.07,4.38356,6.18
2018-07-27,6.21,6.25,6.13,5.163863,6.16
2018-07-30,6.15,6.16,6.06,3.915625,6.09
2018-07-31,6.2,6.2,6.09,2.86198,6.12
2018-08-01,6.12,6.16,5.89,4.842403,5.92
2018-08-02,5.92,5.95,5.65,4.479279,5.77
2018-08-03,5.79,5.82,5.68,3.17395,5.7
2018-08-06,5.7,5.72,5.56,3.701359,5.62
2018-08-07,5.6,5.75,5.6,3.565771,5.74
2018-08-08,5.72,5.88,5.71,3.646752,5.77
2018-08-09,5.76,5.9,5.7,3.467725,5.88
2018-08-10,5.89,5.93,5.84,1.94462,5.9
2018-08-13,5.81,5.97,5.76,2.811907,5.96
2018-08-14,5.91,5.96,5.9,1.765038,5.94
2018-08-15,5.98,5.98,5.79,2.4624,5.82
2018-08-16,5.77,5.86,5.71,2.427155,5.81
2018-08-17,5.82,5.88,5.59,2.448205,5.7
2018-08-20,5.7,5.79,5.62,2.39309,5.73
2018-08-21,5.74,5.84,5.69,2.464307,5.8
2018-08-22,5.79,5.86,5.78,1.382475,5.8
2018-08-23,5.8,5.86,5.76,1.5962,5.82
2018-08-24,5.79,5.83,5.74,1.56288,5.8
2018-08-27,5.84,5.89,5.75,2.854367,5.88
2018-08-28,5.89,5.92,5.85,1.66078,5.87
2018-08-29,5.85,5.89,5.81,2.308282,5.83
2018-08-30,5.84,5.87,5.76,2.116882,5.78
2018-08-31,5.81,5.81,5.7,2.4275,5.7
2018-09-03,5.68,5.72,5.6,1.969168,5.69
2018-09-04,5.68,5.79,5.66,3.209882,5.78
2018-09-05,5.75,5.81,5.7,2.278182,5.74
2018-09-06,5.7,5.76,5.65,2.209741,5.66
2018-09-07,5.63,5.72,5.58,3.54251,5.63
2018-09-10,5.64,5.64,5.53,2.978126,5.54
2018-09-11,5.55,5.61,5.5,2.594964,5.52
2018-09-12,5.53,5.58,5.52,1.92791,5.55
2018-09-13,5.58,5.63,5.55,2.367816,5.62
2018-09-14,5.62,5.64,5.56,2.477516,5.58
2018-09-17,5.56,5.58,5.52,1.60802,5.53
2018-09-18,5.52,5.62,5.51,2.526022,5.62
2018-09-19,5.63,5.67,5.56,4.187233,5.64
2018-09-20,5.62,5.64,5.59,3.560386,5.63
2018-09-21,5.62,5.68,5.61,3.892597,5.67
2018-09-25,5.64,5.65,5.61,1.918692,5.63
2018-09-26,5.63,5.68,5.62,2.811669,5.66
2018-09-27,5.65,5.65,5.55,2.880821,5.56
2018-09-28,5.59,5.62,5.54,2.32264,5.61
2018-10-08,5.55,5.55,5.4,4.490714,5.41
2018-10-09,5.43,5.45,5.39,1.9366,5.39
2018-10-10,5.44,5.49,5.39,2.311384,5.42
2018-10-11,5.33,5.33,4.88,5.943761,4.89
2018-10-12,4.9,4.95,4.63,4.041271,4.8
2018-10-15,4.82,4.89,4.65,4.119795,4.67
2018-10-16,4.68,4.72,4.57,3.256598,4.6
2018-10-17,4.69,4.7,4.55,2.83988,4.65
2018-10-18,4.64,4.65,4.54,2.766269,4.56
2018-10-19,4.47,4.65,4.45,2.590344,4.63
2018-10-22,4.68,4.91,4.66,5.012658,4.86
2018-10-23,4.85,4.94,4.77,4.209751,4.81
2018-10-24,4.78,4.93,4.76,2.951675,4.84
2018-10-25,4.73,4.86,4.68,3.557938,4.86
2018-10-26,4.86,4.98,4.86,4.031845,4.88
2018-10-29,4.9,4.96,4.83,2.279875,4.86
2018-10-30,4.86,4.97,4.84,3.695733,4.93
2018-10-31,4.95,5.05,4.93,4.230374,5.04
2018-11-01,5.03,5.14,5.02,4.639471,5.04
2018-11-02,5.1,5.22,5.09,5.300178,5.18
2018-11-05,5.21,5.27,5.17,3.722913,5.23
2018-11-06,5.24,5.26,5.18,3.729164,5.25
2018-11-07,5.25,5.26,5.17,3.553588,5.2
2018-11-08,5.24,5.26,5.21,3.155196,5.22
2018-11-09,5.2,5.21,5.15,2.67549,5.16
2018-11-12,5.23,5.38,5.18,6.020111,5.37
2018-11-13,5.33,5.56,5.29,7.309143,5.51
2018-11-14,5.51,5.56,5.44,6.009692,5.51
2018-11-15,5.5,5.58,5.5,4.210984,5.57
2018-11-16,5.57,5.68,5.54,5.036385,5.63
2018-11-19,5.63,5.79,5.63,6.983881,5.78
2018-11-20,5.75,5.75,5.48,7.342473,5.49
2018-11-21,5.43,5.64,5.4,5.881933,5.64
2018-11-22,5.62,5.69,5.58,3.358535,5.64
2018-11-23,5.61,5.67,5.44,6.69048,5.47
2018-11-26,5.53,5.55,5.37,4.240244,5.41
2018-11-27,5.43,5.49,5.42,3.012359,5.46
2018-11-28,5.45,5.58,5.35,3.852279,5.56
2018-11-29,5.57,5.75,5.51,7.253108,5.55
2018-11-30,5.47,5.52,5.35,3.777018,5.47
2018-12-03,5.61,5.72,5.57,5.991184,5.67
2018-12-04,5.62,5.7,5.6,4.44378,5.68
2018-12-05,5.59,5.63,5.54,4.484493,5.59
2018-12-06,5.59,5.6,5.44,3.296355,5.45
2018-12-07,5.48,5.5,5.41,3.21401,5.48
2018-12-10,5.49,5.49,5.28,4.420229,5.29
2018-12-11,5.33,5.5,5.3,5.768901,5.5
2018-12-12,5.46,5.53,5.39,3.8269,5.4
2018-12-13,5.44,5.5,5.4,3.425618,5.42
2018-12-14,5.48,5.52,5.31,5.423343,5.37
2018-12-17,5.3,5.36,5.14,6.954803,5.18
2018-12-18,5.16,5.19,5.01,6.486687,5.07
2018-12-19,5.08,5.09,4.95,4.545921,4.99
2018-12-20,4.96,5.04,4.96,2.864399,5.02
2018-12-21,5.0,5.01,4.9,4.4488,4.94
2018-12-24,4.94,4.99,4.91,2.179301,4.98
2018-12-25,4.95,4.95,4.8,3.43642,4.91
2018-12-26,4.87,4.96,4.87,2.261299,4.92
2018-12-27,4.97,5.02,4.84,4.18962,4.85
2019-01-02,4.93,4.95,4.86,3.632001,4.87
2019-01-03,4.87,4.95,4.81,3.144498,4.88
2019-01-04,4.81,5.03,4.8,4.907038,5.03
2019-01-07,5.05,5.15,5.04,4.722325,5.13
2019-01-08,5.12,5.16,5.09,3.2109,5.12
2019-01-09,5.12,5.2,5.12,4.2803,5.13
2019-01-10,5.13,5.21,5.11,3.44371,5.15
2019-01-11,5.15,5.22,5.12,3.297552,5.22
2019-01-14,5.21,5.23,5.15,3.415338,5.18
2019-01-15,5.18,5.28,5.15,4.160395,5.27
2019-01-16,5.27,5.34,5.22,3.653471,5.25
2019-01-17,5.27,5.29,5.18,3.466268,5.2
2019-01-18,5.23,5.27,5.21,3.00339,5.23
2019-01-21,5.27,5.34,5.25,3.960539,5.27
2019-01-22,5.26,5.29,5.16,3.759578,5.19
2019-01-23,5.21,5.23,5.14,2.127207,5.19
2019-01-24,5.22,5.23,5.14,3.332719,5.22
2019-01-25,5.21,5.23,5.13,3.361233,5.15
2019-01-28,5.19,5.24,5.12,3.130276,5.13
2019-01-29,5.13,5.13,4.91,5.061375,4.98
2019-01-30,4.95,5.02,4.95,1.89939,4.95
2019-01-31,4.97,5.0,4.83,3.674206,4.9
2019-02-01,4.91,5.02,4.91,3.223831,5.0
